bin	count
-10000	1.65
-9950	1.73
-9900	1.83
-9850	1.85
-9800	1.81
-9750	1.96
-9700	2.3
-9650	2.78
-9600	2.93
-9550	2.93
-9500	2.63
-9450	2.67
-9400	2.7
-9350	3.11
-9300	3.26
-9250	3.52
-9200	3.41
-9150	3.3
-9100	2.7
-9050	2.11
-9000	1.41
-8950	1.15
-8900	1
-8850	1.3
-8800	1.67
-8750	2.37
-8700	2.7
-8650	2.93
-8600	2.63
-8550	2.52
-8500	2.33
-8450	2.56
-8400	2.74
-8350	3
-8300	3
-8250	2.93
-8200	2.74
-8150	2.63
-8100	2.52
-8050	2.41
-8000	2.15
-7950	1.96
-7900	2.07
-7850	2.7
-7800	3.44
-7750	3.89
-7700	3.7
-7650	3.07
-7600	2.3
-7550	1.67
-7500	1.3
-7450	1.37
-7400	1.7
-7350	2.44
-7300	2.96
-7250	3.3
-7200	2.85
-7150	2.19
-7100	1.48
-7050	1.48
-7000	1.93
-6950	2.74
-6900	3.3
-6850	3.85
-6800	4.07
-6750	4.26
-6700	3.93
-6650	3.48
-6600	2.93
-6550	2.67
-6500	2.41
-6450	2.15
-6400	1.85
-6350	1.78
-6300	1.74
-6250	1.7
-6200	1.63
-6150	1.85
-6100	2.26
-6050	2.7
-6000	2.85
-5950	2.85
-5900	2.67
-5850	2.74
-5800	2.7
-5750	2.93
-5700	2.67
-5650	2.56
-5600	2.07
-5550	2
-5500	1.78
-5450	1.81
-5400	1.63
-5350	1.59
-5300	1.48
-5250	1.52
-5200	1.48
-5150	1.56
-5100	1.52
-5050	1.48
-5000	1.19
-4950	0.93
-4900	0.78
-4850	1
-4800	1.48
-4750	2.11
-4700	2.7
-4650	3.19
-4600	3.3
-4550	3.22
-4500	2.81
-4450	2.52
-4400	2.07
-4350	1.93
-4300	1.81
-4250	2.11
-4200	2.44
-4150	2.93
-4100	3
-4050	2.81
-4000	2.33
-3950	2.11
-3900	2.07
-3850	2.3
-3800	2.52
-3750	2.74
-3700	2.7
-3650	2.52
-3600	2.15
-3550	1.89
-3500	1.52
-3450	1.3
-3400	1.19
-3350	1.59
-3300	2.3
-3250	3.22
-3200	3.7
-3150	3.81
-3100	3.37
-3050	3.11
-3000	2.78
-2950	2.7
-2900	2.44
-2850	2.41
-2800	2.3
-2750	2.26
-2700	2
-2650	1.85
-2600	1.63
-2550	1.7
-2500	1.81
-2450	2.26
-2400	2.52
-2350	2.63
-2300	2.41
-2250	2.19
-2200	2.04
-2150	2.11
-2100	2.3
-2050	2.74
-2000	3.15
-1950	3.63
-1900	3.67
-1850	3.48
-1800	2.93
-1750	2.52
-1700	2.22
-1650	2.11
-1600	1.89
-1550	1.7
-1500	1.63
-1450	1.93
-1400	2.26
-1350	2.56
-1300	2.48
-1250	2.41
-1200	2.22
-1150	2.37
-1100	2.44
-1050	2.67
-1000	2.56
-950	2.48
-900	2.33
-850	2.37
-800	2.33
-750	2.15
-700	1.78
-650	1.52
-600	1.56
-550	2.22
-500	3.19
-450	4.37
-400	4.96
-350	5.22
-300	4.93
-250	4.81
-200	4.63
-150	5.11
-100	6.15
-50	8.3
0	10.22
50	11.74
100	12
150	12.19
200	11.78
250	11.44
300	10.52
350	10.15
400	10
450	10.63
500	11.11
550	11.48
600	11.11
650	10.59
700	9.93
750	9.74
800	9.33
850	9
900	8.19
950	7.7
1000	7.15
1050	6.93
1100	6.41
1150	5.85
1200	4.96
1250	4.3
1300	3.74
1350	3.63
1400	3.41
1450	3.26
1500	2.93
1550	3.07
1600	3.33
1650	3.81
1700	3.63
1750	3.41
1800	3.04
1850	3.22
1900	3.07
1950	2.89
2000	2.44
2050	2.59
2100	2.85
2150	3.3
2200	3.26
2250	3.15
2300	2.7
2350	2.44
2400	2.11
2450	2.15
2500	2.19
2550	2.44
2600	2.33
2650	2.26
2700	2
2750	2.19
2800	2.22
2850	2.44
2900	2.44
2950	2.74
3000	2.81
3050	2.74
3100	2.22
3150	1.85
3200	1.74
3250	2.07
3300	2.37
3350	2.52
3400	2.48
3450	2.63
3500	3.04
3550	3.63
3600	3.89
3650	3.85
3700	3.52
3750	3.48
3800	3.33
3850	3.26
3900	2.93
3950	3
4000	3.11
4050	3.26
4100	2.93
4150	2.7
4200	2.78
4250	3.44
4300	3.78
4350	3.63
4400	2.78
4450	2.11
4500	1.56
4550	1.37
4600	1.19
4650	1.26
4700	1.3
4750	1.3
4800	1.11
4850	0.96
4900	0.96
4950	1.07
5000	1.22
5050	1.41
5100	1.7
5150	2.07
5200	2.33
5250	2.56
5300	2.89
5350	3.44
5400	3.74
5450	3.59
5500	2.89
5550	2.3
5600	1.89
5650	1.96
5700	2.19
5750	2.63
5800	3
5850	3.26
5900	3.22
5950	3
6000	2.63
6050	2.3
6100	2.07
6150	2.22
6200	2.48
6250	2.85
6300	2.89
6350	3
6400	2.85
6450	2.78
6500	2.48
6550	2.59
6600	2.81
6650	3.22
6700	2.96
6750	2.56
6800	2.04
6850	2.3
6900	2.67
6950	3.19
7000	3.22
7050	3.26
7100	2.96
7150	2.67
7200	2.33
7250	2.41
7300	2.78
7350	3.11
7400	3.11
7450	2.7
7500	2.3
7550	2.15
7600	2.37
7650	2.78
7700	3.07
7750	3.22
7800	3
7850	2.81
7900	2.63
7950	2.89
8000	2.93
8050	2.85
8100	2.37
8150	2.11
8200	1.93
8250	1.93
8300	2
8350	2.3
8400	2.63
8450	2.78
8500	2.52
8550	2.26
8600	2.11
8650	2.48
8700	2.93
8750	3.44
8800	3.52
8850	3.44
8900	3.15
8950	3.04
9000	2.78
9050	2.67
9100	2.59
9150	2.96
9200	3.26
9250	3.37
9300	3.04
9350	2.81
9400	2.63
9450	2.59
9500	2.22
9550	1.89
9600	1.56
9650	1.7
9700	2.04
9750	2.52
9800	2.59
9850	2.26
9900	1.57
9950	0.99
10000	0.71
